server@server:~$ cat inference_times.txt
8.84
8.44
6.51
1.58
4.36
4.12
2.88
14.44
11.42
3.53
5.91
5.15
3.13
7.66
12.77
13.77
4.95
12.5
6.03
2.76
4.63
11.41
12.75
10.21
2.11
6.15
5.4
2.94
13.13
74.93
44.3
16.19
16.08
6.59
16.08
16.75
16.47
22.99
12.08
18.4
5.73
14.24
7.71
10.54
24.11
6.07
14.76
14.8
14.45
7.19
10.37
13.8
9.67
15.94
7.39
6.38
7.55
6.03
10.48
8.03
5.7
6.64
9.31
8.03
10.03
9.17
8.48
11.1
6.38
5.69
9.77
6.35
8.78
8.22
9.15
6.79
6.28
6.1
6.73
7.02
6.15
7.48
9.36
10.03
8.26
18.54
11.63
8.65
6.19
7.81
9.05
6.95
7.8
7.35
5.66
28.39
6.33
7.03
8.27
8.9
9.08
7.88
5.87
9.65
7.64
34.03
8.13
8.05
5.9
8.32
9.99
8.77
5.83
8.39
8.02
7.22
7.33
7.88
6.01
10.15
9.81
11.12
7.76
14.19
7.92
6.48
9.09
6.68
6.43
26.06
8.1
9.25
8.14
9.37
8.18
6.2
8.41
7.42
8.83
19.08
8.42
7.57
8.16
9.45
7.55
8.74
8.6
6.26
8.13
7.61
8.73
7.1
7.75
6.65
12.31
16.29
10.42
7.7
8.68
13.39
13.41
7.76
6.05
8.95
8.99
8.16
8.34
7.54
6.47
13.05
6.78
7.21
6.81
7.5
7.4
7.95
10.09
8.44
9.25
10.97
7.74
7.66
8.82
8.23
7.79
6.19
8.54
6.89
9.55
7.98
9.06
12.82
9.69
9.74
10.56
11.02
12.54
10.41
9.05
27.51
7.35
7.77
8.58
9.87
8.69
8.33
7.99
7.69
8.59
17.72
10.46
7.87
7.12
6.89
8.7
5.89
24.96
8.65
8.88
5.69
9.01
13.12
8.72
7.83
8.67
7.6
11.06
8.57
8.29
10.43
12.15
8.99
7.85
5.99
11.78
8.28
9.02
8.49
7.0
9.03
10.45
9.22
9.69
11.44
17.73
8.0
9.53
8.06
7.7
8.38
7.68
8.22
9.31
7.61
7.82
6.82
8.52
8.01
22.33
9.84
11.07
7.67
9.08
7.61
7.09
8.01
7.96
6.01
15.12
7.22
26.38
10.16
7.49
9.06
9.61
7.67
6.96
7.56
7.62
9.39
8.3
6.03
8.15
8.19
7.25
9.71
8.96
20.24
7.39
7.66
12.03
18.8
6.66
7.72
8.06
6.88
6.01
8.54
8.63
7.53
12.66
25.7
8.67
9.85
8.41
9.28
10.12
6.55
8.26
8.13
8.13
11.57
8.0
7.8
6.1
6.19
7.15
7.91
6.64
6.74
11.51
10.68
8.54
6.25
10.19
8.35
7.1
6.87
7.35
9.82
7.85
8.85
7.53
10.92
8.21
6.67
12.33
9.65
7.1
7.93
7.83
6.79
8.41
7.62
8.51
8.25
6.66
7.72
6.12
8.59
9.08
7.82
7.48
8.5
7.79
7.56
6.92
7.75
7.26
7.95
6.93
8.32
28.99
6.49
9.87
8.12
8.23
15.7
10.48
8.84
8.69
7.89
6.0
7.35
6.49
10.17
7.25
14.93
18.72
7.23
8.15
8.48
9.82
8.5
5.99
6.05
7.8
9.34
7.44
9.71
15.23
12.63
6.3
7.55
6.8
8.04
7.58
9.41
8.39
8.73
7.11
17.47
9.77
8.74
9.46
11.97
19.66
13.85
13.65
9.82
10.3
9.67
7.63
7.42
7.25
6.67
7.7
11.58
6.49
9.09
6.02
6.29
8.86
8.45
7.25
6.62
5.96
7.94
13.82
6.07
5.75
9.21
5.92
6.79
8.01
13.07
8.88
8.93
7.53
5.88
8.21
11.97
8.13
8.37
7.17
11.55
6.91
8.88
12.65
5.92
11.51
8.15
7.91
7.37
8.96
9.2
10.43
9.39
14.62
11.13
10.63
7.76
7.96
8.35
7.57
15.15
10.93
10.41
11.14
7.86
10.5
9.03
10.19
11.19
9.48
10.4
10.59
9.19
38.2
9.91
9.74
11.77
9.8
8.13
10.01
9.6
10.01
10.05
23.38
9.18
10.03
9.39
9.94
10.61
8.97
8.97
9.46
9.7
19.27
9.55
6.99
14.57
9.39
11.75
9.9
8.79
16.1
10.26
9.55
6.23
7.02
6.28
5.75
5.8
8.4
7.23
8.57
5.96
11.09
10.0
8.24
8.61
7.05
14.61
7.86
7.85
7.87
15.44
8.95
6.04
7.88
8.27
8.93
8.83
9.54
9.02
9.94
23.39
7.77
26.15
8.1
9.63
7.82
8.76
8.78
10.55
6.56
15.33
14.42
8.78
8.6
13.4
8.35
6.39
7.99
8.72
6.15
9.68
7.41
7.47
8.57
6.64
8.57
6.97
6.87
27.07
7.87
16.31
8.78
7.22
11.96
7.28
11.54
8.2
8.61
8.26
12.82
7.73
5.97
6.7
6.26
8.2
6.7
8.84
6.22
12.43
31.77
8.03
13.71
11.58
10.19
7.92
15.29
9.77
8.81
8.28
8.34
8.98
13.27
7.1
5.91
8.07
7.07
11.65
6.78
8.1
6.29
7.8
7.24
9.05
6.67
9.05
16.41
10.22
13.86
8.11
5.88
8.42
8.92
9.61
7.43
8.44
5.89
7.08
10.67
7.17
10.37
10.52
7.96
9.48
6.37
8.88
10.03
6.46
6.07
6.81
7.68
6.31
6.12
7.48
8.35
6.34
6.59
7.49
6.69
6.56
8.15
7.44
6.71
7.62
9.82
7.83
8.23
8.16
10.61
9.01
6.28
9.72
8.28
7.34
6.73
7.36
8.58
9.66
6.42
8.66
8.01
6.85
7.26
8.41
6.21
7.36
8.8
8.64
7.25
5.97
9.99
6.18
7.74
8.98
7.63
6.46
6.21
7.71
6.84
6.49
8.81
8.63
10.05
10.16
7.84
6.96
7.35
7.26
8.13
6.55
6.13
8.18
6.96
8.02
7.5
7.93
8.26
6.55
7.38
6.94
6.19
7.03
7.51
8.23
8.49
8.39
8.62
6.4
7.94
6.95
8.17
7.92
8.44
6.75
7.73
7.52
8.23
7.61
7.7
7.28
7.78
7.6
7.39